6 1 
6 2 
392712621
6 13 
6 18 
442407028
6 29 
6 34 
712676212
6 44 
6 51 
297241726
7 4 
7 12 
565866886
7 24 
7 33 
166566516
7 49 
7 56 
865826206
8 17 
8 22 
414586306
8 45 
8 51 
716118757
9 8 
9 10 
565866886
9 14 
9 19 
231215421
9 23 
9 26 
696500077
9 32 
9 35 
583643771
9 39 
9 41 
392516252
9 44 
9 45 
762256824
9 49 
9 50 
716646345
9 56 
9 57 
631431046
10 0 
10 4 
398768266
10 7 
10 9 
631283182
10 12 
10 14 
392746060
10 21 
10 22 
824238334
10 26 
10 28 
397618418
10 31 
10 34 
267505842
10 36 
10 38 
281685640
10 40 
10 45 
212763810
10 47 
10 49 
281685640
10 56 
11 0 
392746060
11 4 
11 7 
716573357
11 10 
11 16 
392746060
11 23 
11 23 
716481028
11 25 
11 29 
796823702
11 33 
11 34 
394301623
11 41 
11 43 
361206275
11 47 
11 51 
716573357
11 57 
11 59 
431546527
12 3 
12 5 
394535174
12 32 
12 33 
138100078
12 38 
12 39 
281685640
12 47 
12 52 
565866886
12 59 
13 2 
113207278
13 8 
13 11 
281685640
13 16 
13 19 
375480805
13 23 
13 25 
565758448
13 31 
13 32 
714346720
13 34 
13 37 
716573357
13 42 
13 44 
715704877
13 52 
13 53 
881157107
13 58 
14 3 
473177057
14 10 
14 11 
714346720
14 19 
14 24 
412410573
14 27 
14 31 
478630720
14 36 
14 40 
867323353
14 46 
14 47 
767445223
14 52 
14 53 
688861311
14 57 
15 0 
477337448
15 2 
15 7 
418861311
15 15 
15 19 
221623208
15 25 
15 29 
165555618
15 33 
15 34 
614761384
15 40 
15 45 
682503335
15 52 
15 53 
646830328
15 58 
15 59 
713544421
16 3 
16 5 
874533786
16 29 
16 34 
528208481
16 52 
16 54 
173583677
17 18 
17 26 
622713308
17 49 
17 54 
391505271
18 8 
18 17 
424408282
18 33 
18 36 
783426333
18 55 
19 2 
385641234
19 20 
19 24 
472184487
19 45 
19 53 
432752572
20 3 
20 9 
134771866
20 28 
20 33 
718243750
20 39 
20 42 
284424535
20 58 
21 0 
661836544
21 20 
21 27 
565866886
21 44 
21 52 
822587003
22 2 
22 6 
268587300
22 24 
22 29 
734468211
22 44 
22 46 
263134032
22 58 
23 3 
712272350
23 19 
23 28 
713563064
23 47 
23 48 
682524752
23 58 
23 59 
484566325
